start_time: 737475.543389
end_time: 737475.543562
